"tick","Human Count","Zombie Count"
1.0,98,7
2.0,98,7
3.0,97,8
4.0,96,9
5.0,96,9
6.0,95,10
7.0,95,10
8.0,95,10
9.0,94,11
10.0,94,11
11.0,94,11
12.0,94,11
13.0,92,13
14.0,90,15
15.0,90,15
16.0,90,15
17.0,90,15
18.0,90,15
19.0,90,15
20.0,88,17
21.0,88,17
22.0,88,17
23.0,88,17
24.0,87,18
25.0,87,18
26.0,86,19
27.0,85,20
28.0,84,21
29.0,84,21
30.0,84,21
31.0,83,22
32.0,82,23
33.0,82,23
34.0,82,23
35.0,82,23
36.0,82,23
37.0,82,23
38.0,82,23
39.0,82,23
40.0,82,23
41.0,82,23
42.0,82,23
43.0,82,23
44.0,82,23
45.0,81,24
46.0,81,24
47.0,81,24
48.0,81,24
49.0,81,24
50.0,80,25
51.0,80,25
52.0,80,25
53.0,80,25
54.0,79,26
55.0,79,26
56.0,78,27
57.0,78,27
58.0,78,27
59.0,78,27
60.0,78,27
61.0,78,27
62.0,78,27
63.0,78,27
64.0,77,28
65.0,77,28
66.0,76,29
67.0,76,29
68.0,75,30
69.0,74,31
70.0,73,32
71.0,73,32
72.0,72,33
73.0,72,33
74.0,72,33
75.0,71,34
76.0,71,34
77.0,71,34
78.0,71,34
79.0,71,34
80.0,70,35
81.0,69,36
82.0,68,37
83.0,68,37
84.0,68,37
85.0,68,37
86.0,68,37
87.0,68,37
88.0,68,37
89.0,68,37
90.0,68,37
91.0,68,37
92.0,67,38
93.0,67,38
94.0,66,39
95.0,66,39
96.0,66,39
97.0,65,40
98.0,65,40
99.0,65,40
100.0,65,40
101.0,65,40
102.0,65,40
103.0,65,40
104.0,65,40
105.0,64,41
106.0,64,41
107.0,64,41
108.0,64,41
109.0,63,42
110.0,61,44
111.0,61,44
112.0,61,44
113.0,61,44
114.0,61,44
115.0,59,46
116.0,58,47
117.0,57,48
118.0,57,48
119.0,57,48
120.0,56,49
121.0,55,50
122.0,55,50
123.0,55,50
124.0,54,51
125.0,54,51
126.0,51,54
127.0,49,56
128.0,48,57
129.0,46,59
130.0,45,60
131.0,41,64
132.0,39,66
133.0,38,67
134.0,38,67
135.0,38,67
136.0,37,68
137.0,33,72
138.0,32,73
139.0,31,74
140.0,31,74
141.0,30,75
142.0,29,76
143.0,29,76
144.0,29,76
145.0,27,78
146.0,26,79
147.0,23,82
148.0,23,82
149.0,23,82
150.0,22,83
151.0,21,84
152.0,21,84
153.0,20,85
154.0,20,85
155.0,20,85
156.0,18,87
157.0,18,87
158.0,17,88
159.0,17,88
160.0,17,88
161.0,17,88
162.0,16,89
163.0,16,89
164.0,16,89
165.0,16,89
166.0,16,89
167.0,16,89
168.0,16,89
169.0,16,89
170.0,15,90
171.0,15,90
172.0,15,90
173.0,14,91
174.0,14,91
175.0,14,91
176.0,14,91
177.0,14,91
178.0,14,91
179.0,13,92
180.0,13,92
181.0,13,92
182.0,13,92
183.0,13,92
184.0,13,92
185.0,13,92
186.0,13,92
187.0,13,92
188.0,13,92
189.0,13,92
190.0,13,92
191.0,13,92
192.0,13,92
193.0,12,93
194.0,12,93
195.0,12,93
196.0,12,93
197.0,11,94
198.0,11,94
199.0,11,94
200.0,10,95
201.0,10,95
202.0,10,95
203.0,10,95
204.0,9,96
205.0,8,97
206.0,8,97
207.0,7,98
208.0,6,99
209.0,6,99
210.0,6,99
211.0,6,99
212.0,6,99
213.0,5,100
214.0,5,100
215.0,5,100
216.0,5,100
217.0,4,101
218.0,3,102
219.0,3,102
220.0,3,102
221.0,3,102
222.0,3,102
223.0,3,102
224.0,3,102
225.0,3,102
226.0,2,103
227.0,2,103
228.0,2,103
229.0,2,103
230.0,2,103
231.0,2,103
232.0,2,103
233.0,2,103
234.0,2,103
235.0,2,103
236.0,2,103
237.0,2,103
238.0,2,103
239.0,2,103
240.0,2,103
241.0,2,103
242.0,2,103
243.0,2,103
244.0,2,103
245.0,2,103
246.0,2,103
247.0,2,103
248.0,2,103
249.0,2,103
250.0,2,103
251.0,2,103
252.0,2,103
253.0,2,103
254.0,1,104
255.0,1,104
256.0,1,104
257.0,1,104
258.0,1,104
259.0,1,104
260.0,1,104
261.0,1,104
262.0,1,104
263.0,1,104
264.0,1,104
265.0,1,104
266.0,1,104
267.0,1,104
268.0,1,104
269.0,1,104
270.0,1,104
271.0,1,104
272.0,1,104
273.0,1,104
274.0,1,104
275.0,1,104
276.0,1,104
277.0,1,104
278.0,1,104
279.0,0,105
280.0,0,105
281.0,0,105
282.0,0,105
283.0,0,105
284.0,0,105
285.0,0,105
286.0,0,105
287.0,0,105
288.0,0,105
289.0,0,105
290.0,0,105
291.0,0,105
292.0,0,105
293.0,0,105
294.0,0,105
295.0,0,105
296.0,0,105
297.0,0,105
298.0,0,105
299.0,0,105
300.0,0,105
301.0,0,105
302.0,0,105
303.0,0,105
304.0,0,105
305.0,0,105
306.0,0,105
307.0,0,105
308.0,0,105
309.0,0,105
310.0,0,105
311.0,0,105
312.0,0,105
313.0,0,105
314.0,0,105
315.0,0,105
316.0,0,105
317.0,0,105
318.0,0,105
319.0,0,105
320.0,0,105
321.0,0,105
322.0,0,105
323.0,0,105
324.0,0,105
325.0,0,105
326.0,0,105
327.0,0,105
328.0,0,105
329.0,0,105
330.0,0,105
331.0,0,105
332.0,0,105
333.0,0,105
334.0,0,105
335.0,0,105
336.0,0,105
337.0,0,105
338.0,0,105
339.0,0,105
340.0,0,105
341.0,0,105
342.0,0,105
343.0,0,105
344.0,0,105
345.0,0,105
346.0,0,105
347.0,0,105
348.0,0,105
349.0,0,105
350.0,0,105
351.0,0,105
352.0,0,105
353.0,0,105
354.0,0,105
355.0,0,105
356.0,0,105
357.0,0,105
358.0,0,105
359.0,0,105
360.0,0,105
361.0,0,105
362.0,0,105
363.0,0,105
364.0,0,105
365.0,0,105
366.0,0,105
367.0,0,105
368.0,0,105
369.0,0,105
370.0,0,105
371.0,0,105
372.0,0,105
373.0,0,105
374.0,0,105
375.0,0,105
376.0,0,105
377.0,0,105
378.0,0,105
379.0,0,105
380.0,0,105
381.0,0,105
382.0,0,105
383.0,0,105
384.0,0,105
385.0,0,105
386.0,0,105
387.0,0,105
388.0,0,105
389.0,0,105
390.0,0,105
391.0,0,105
392.0,0,105
393.0,0,105
394.0,0,105
395.0,0,105
396.0,0,105
397.0,0,105
398.0,0,105
399.0,0,105
400.0,0,105
401.0,0,105
402.0,0,105
403.0,0,105
404.0,0,105
405.0,0,105
406.0,0,105
407.0,0,105
408.0,0,105
409.0,0,105
410.0,0,105
411.0,0,105
412.0,0,105
413.0,0,105
414.0,0,105
415.0,0,105
416.0,0,105
417.0,0,105
418.0,0,105
419.0,0,105
420.0,0,105
421.0,0,105
422.0,0,105
423.0,0,105
424.0,0,105
425.0,0,105
426.0,0,105
427.0,0,105
428.0,0,105
429.0,0,105
430.0,0,105
431.0,0,105
432.0,0,105
433.0,0,105
434.0,0,105
435.0,0,105
436.0,0,105
437.0,0,105
438.0,0,105
439.0,0,105
440.0,0,105
441.0,0,105
442.0,0,105
443.0,0,105
444.0,0,105
445.0,0,105
446.0,0,105
447.0,0,105
448.0,0,105
449.0,0,105
450.0,0,105
451.0,0,105
452.0,0,105
453.0,0,105
454.0,0,105
455.0,0,105
456.0,0,105
457.0,0,105
458.0,0,105
459.0,0,105
460.0,0,105
461.0,0,105
462.0,0,105
463.0,0,105
464.0,0,105
465.0,0,105
466.0,0,105
467.0,0,105
468.0,0,105
469.0,0,105
470.0,0,105
471.0,0,105
472.0,0,105
473.0,0,105
474.0,0,105
475.0,0,105
476.0,0,105
477.0,0,105
478.0,0,105
479.0,0,105
480.0,0,105
481.0,0,105
482.0,0,105
483.0,0,105
484.0,0,105
485.0,0,105
486.0,0,105
487.0,0,105
488.0,0,105
489.0,0,105
490.0,0,105
491.0,0,105
492.0,0,105
493.0,0,105
494.0,0,105
495.0,0,105
496.0,0,105
497.0,0,105
498.0,0,105
499.0,0,105
500.0,0,105
501.0,0,105
502.0,0,105
503.0,0,105
504.0,0,105
505.0,0,105
506.0,0,105
507.0,0,105
508.0,0,105
509.0,0,105
510.0,0,105
511.0,0,105
512.0,0,105
513.0,0,105
514.0,0,105
515.0,0,105
516.0,0,105
517.0,0,105
518.0,0,105
519.0,0,105
520.0,0,105
521.0,0,105
522.0,0,105
523.0,0,105
524.0,0,105
525.0,0,105
526.0,0,105
527.0,0,105
528.0,0,105
529.0,0,105
530.0,0,105
531.0,0,105
532.0,0,105
533.0,0,105
534.0,0,105
535.0,0,105
536.0,0,105
537.0,0,105
538.0,0,105
539.0,0,105
540.0,0,105
541.0,0,105
542.0,0,105
543.0,0,105
544.0,0,105
545.0,0,105
546.0,0,105
547.0,0,105
548.0,0,105
549.0,0,105
550.0,0,105
551.0,0,105
552.0,0,105
553.0,0,105
554.0,0,105
555.0,0,105
556.0,0,105
557.0,0,105
558.0,0,105
559.0,0,105
560.0,0,105
561.0,0,105
562.0,0,105
563.0,0,105
564.0,0,105
565.0,0,105
566.0,0,105
567.0,0,105
568.0,0,105
569.0,0,105
570.0,0,105
571.0,0,105
572.0,0,105
573.0,0,105
574.0,0,105
575.0,0,105
576.0,0,105
577.0,0,105
578.0,0,105
579.0,0,105
580.0,0,105
581.0,0,105
582.0,0,105
583.0,0,105
584.0,0,105
585.0,0,105
586.0,0,105
587.0,0,105
588.0,0,105
589.0,0,105
590.0,0,105
591.0,0,105
592.0,0,105
593.0,0,105
594.0,0,105
595.0,0,105
596.0,0,105
597.0,0,105
598.0,0,105
599.0,0,105
600.0,0,105
601.0,0,105
602.0,0,105
603.0,0,105
604.0,0,105
605.0,0,105
606.0,0,105
607.0,0,105
608.0,0,105
609.0,0,105
610.0,0,105
611.0,0,105
612.0,0,105
613.0,0,105
614.0,0,105
615.0,0,105
616.0,0,105
617.0,0,105
618.0,0,105
619.0,0,105
620.0,0,105
621.0,0,105
622.0,0,105
623.0,0,105
624.0,0,105
625.0,0,105
626.0,0,105
627.0,0,105
628.0,0,105
629.0,0,105
630.0,0,105
631.0,0,105
632.0,0,105
633.0,0,105
634.0,0,105
635.0,0,105
636.0,0,105
637.0,0,105
638.0,0,105
639.0,0,105
640.0,0,105
641.0,0,105
642.0,0,105
643.0,0,105
644.0,0,105
645.0,0,105
646.0,0,105
647.0,0,105
648.0,0,105
649.0,0,105
650.0,0,105
651.0,0,105
652.0,0,105
653.0,0,105
654.0,0,105
655.0,0,105
656.0,0,105
657.0,0,105
658.0,0,105
659.0,0,105
660.0,0,105
661.0,0,105
662.0,0,105
663.0,0,105
664.0,0,105
665.0,0,105
666.0,0,105
667.0,0,105
668.0,0,105
669.0,0,105
670.0,0,105
671.0,0,105
672.0,0,105
673.0,0,105
674.0,0,105
675.0,0,105
676.0,0,105
677.0,0,105
678.0,0,105
679.0,0,105
680.0,0,105
681.0,0,105
682.0,0,105
683.0,0,105
684.0,0,105
685.0,0,105
686.0,0,105
687.0,0,105
688.0,0,105
689.0,0,105
690.0,0,105
691.0,0,105
692.0,0,105
693.0,0,105
694.0,0,105
695.0,0,105
696.0,0,105
697.0,0,105
698.0,0,105
699.0,0,105
700.0,0,105
701.0,0,105
702.0,0,105
703.0,0,105
704.0,0,105
705.0,0,105
706.0,0,105
707.0,0,105
708.0,0,105
709.0,0,105
710.0,0,105
711.0,0,105
712.0,0,105
713.0,0,105
714.0,0,105
715.0,0,105
716.0,0,105
717.0,0,105
718.0,0,105
719.0,0,105
720.0,0,105
721.0,0,105
722.0,0,105
723.0,0,105
724.0,0,105
725.0,0,105
726.0,0,105
727.0,0,105
728.0,0,105
729.0,0,105
730.0,0,105
731.0,0,105
732.0,0,105
733.0,0,105
734.0,0,105
735.0,0,105
736.0,0,105
737.0,0,105
738.0,0,105
739.0,0,105
740.0,0,105
741.0,0,105
742.0,0,105
743.0,0,105
744.0,0,105
745.0,0,105
746.0,0,105
747.0,0,105
748.0,0,105
749.0,0,105
750.0,0,105
751.0,0,105
752.0,0,105
753.0,0,105
754.0,0,105
755.0,0,105
756.0,0,105
757.0,0,105
758.0,0,105
759.0,0,105
760.0,0,105
761.0,0,105
762.0,0,105
763.0,0,105
764.0,0,105
765.0,0,105
766.0,0,105
767.0,0,105
768.0,0,105
769.0,0,105
770.0,0,105
771.0,0,105
772.0,0,105
773.0,0,105
774.0,0,105
775.0,0,105
776.0,0,105
777.0,0,105
778.0,0,105
779.0,0,105
780.0,0,105
781.0,0,105
782.0,0,105
783.0,0,105
784.0,0,105
785.0,0,105
786.0,0,105
787.0,0,105
788.0,0,105
789.0,0,105
790.0,0,105
791.0,0,105
792.0,0,105
793.0,0,105
794.0,0,105
795.0,0,105
796.0,0,105
797.0,0,105
798.0,0,105
799.0,0,105
800.0,0,105
801.0,0,105
802.0,0,105
803.0,0,105
804.0,0,105
805.0,0,105
806.0,0,105
807.0,0,105
808.0,0,105
809.0,0,105
810.0,0,105
811.0,0,105
812.0,0,105
813.0,0,105
814.0,0,105
815.0,0,105
816.0,0,105
817.0,0,105
818.0,0,105
819.0,0,105
820.0,0,105
821.0,0,105
822.0,0,105
823.0,0,105
824.0,0,105
825.0,0,105
826.0,0,105
827.0,0,105
828.0,0,105
829.0,0,105
830.0,0,105
831.0,0,105
832.0,0,105
833.0,0,105
834.0,0,105
835.0,0,105
836.0,0,105
837.0,0,105
838.0,0,105
839.0,0,105
840.0,0,105
841.0,0,105
842.0,0,105
843.0,0,105
844.0,0,105
845.0,0,105
846.0,0,105
847.0,0,105
848.0,0,105
849.0,0,105
850.0,0,105
851.0,0,105
852.0,0,105
853.0,0,105
854.0,0,105
855.0,0,105
856.0,0,105
857.0,0,105
858.0,0,105
859.0,0,105
860.0,0,105
861.0,0,105
862.0,0,105
863.0,0,105
864.0,0,105
865.0,0,105
866.0,0,105
867.0,0,105
868.0,0,105
869.0,0,105
870.0,0,105
871.0,0,105
872.0,0,105
873.0,0,105
874.0,0,105
875.0,0,105
876.0,0,105
877.0,0,105
878.0,0,105
879.0,0,105
880.0,0,105
881.0,0,105
882.0,0,105
883.0,0,105
884.0,0,105
885.0,0,105
886.0,0,105
887.0,0,105
888.0,0,105
889.0,0,105
890.0,0,105
891.0,0,105
892.0,0,105
893.0,0,105
894.0,0,105
895.0,0,105
896.0,0,105
897.0,0,105
898.0,0,105
899.0,0,105
900.0,0,105
901.0,0,105
902.0,0,105
903.0,0,105
904.0,0,105
905.0,0,105
906.0,0,105
907.0,0,105
908.0,0,105
909.0,0,105
910.0,0,105
911.0,0,105
912.0,0,105
913.0,0,105
914.0,0,105
915.0,0,105
916.0,0,105
917.0,0,105
918.0,0,105
919.0,0,105
920.0,0,105
921.0,0,105
922.0,0,105
923.0,0,105
924.0,0,105
925.0,0,105
926.0,0,105
927.0,0,105
928.0,0,105
929.0,0,105
930.0,0,105
931.0,0,105
932.0,0,105
933.0,0,105
934.0,0,105
935.0,0,105
936.0,0,105
937.0,0,105
938.0,0,105
939.0,0,105
940.0,0,105
941.0,0,105
942.0,0,105
943.0,0,105
944.0,0,105
945.0,0,105
946.0,0,105
947.0,0,105
948.0,0,105
949.0,0,105
950.0,0,105
951.0,0,105
952.0,0,105
953.0,0,105
954.0,0,105
955.0,0,105
956.0,0,105
957.0,0,105
958.0,0,105
959.0,0,105
960.0,0,105
961.0,0,105
962.0,0,105
963.0,0,105
964.0,0,105
965.0,0,105
966.0,0,105
967.0,0,105
968.0,0,105
969.0,0,105
970.0,0,105
971.0,0,105
972.0,0,105
973.0,0,105
974.0,0,105
975.0,0,105
976.0,0,105
977.0,0,105
978.0,0,105
979.0,0,105
980.0,0,105
981.0,0,105
982.0,0,105
983.0,0,105
984.0,0,105
985.0,0,105
986.0,0,105
987.0,0,105
988.0,0,105
989.0,0,105
990.0,0,105
991.0,0,105
992.0,0,105
993.0,0,105
994.0,0,105
995.0,0,105
996.0,0,105
997.0,0,105
998.0,0,105
999.0,0,105
1000.0,0,105
1001.0,0,105
1002.0,0,105
1003.0,0,105
1004.0,0,105
1005.0,0,105
1006.0,0,105
1007.0,0,105
1008.0,0,105
1009.0,0,105
1010.0,0,105
1011.0,0,105
1012.0,0,105
1013.0,0,105
1014.0,0,105
1015.0,0,105
1016.0,0,105
1017.0,0,105
1018.0,0,105
1019.0,0,105
1020.0,0,105
1021.0,0,105
1022.0,0,105
1023.0,0,105
1024.0,0,105
1025.0,0,105
1026.0,0,105
1027.0,0,105
1028.0,0,105
1029.0,0,105
1030.0,0,105
1031.0,0,105
1032.0,0,105
1033.0,0,105
1034.0,0,105
1035.0,0,105
1036.0,0,105
1037.0,0,105
1038.0,0,105
1039.0,0,105
1040.0,0,105
1041.0,0,105
1042.0,0,105
1043.0,0,105
1044.0,0,105
1045.0,0,105
1046.0,0,105
1047.0,0,105
1048.0,0,105
1049.0,0,105
1050.0,0,105
1051.0,0,105
1052.0,0,105
1053.0,0,105
1054.0,0,105
1055.0,0,105
1056.0,0,105
1057.0,0,105
1058.0,0,105
1059.0,0,105
1060.0,0,105
1061.0,0,105
1062.0,0,105
1063.0,0,105
1064.0,0,105
1065.0,0,105
1066.0,0,105
1067.0,0,105
1068.0,0,105
1069.0,0,105
1070.0,0,105
1071.0,0,105
1072.0,0,105
1073.0,0,105
1074.0,0,105
1075.0,0,105
1076.0,0,105
1077.0,0,105
1078.0,0,105
1079.0,0,105
1080.0,0,105
1081.0,0,105
1082.0,0,105
1083.0,0,105
1084.0,0,105
1085.0,0,105
1086.0,0,105
1087.0,0,105
1088.0,0,105
1089.0,0,105
1090.0,0,105
1091.0,0,105
1092.0,0,105
1093.0,0,105
1094.0,0,105
1095.0,0,105
1096.0,0,105
1097.0,0,105
1098.0,0,105
1099.0,0,105
1100.0,0,105
1101.0,0,105
1102.0,0,105
1103.0,0,105
1104.0,0,105
1105.0,0,105
1106.0,0,105
1107.0,0,105
1108.0,0,105
1109.0,0,105
1110.0,0,105
1111.0,0,105
1112.0,0,105
1113.0,0,105
1114.0,0,105
1115.0,0,105
1116.0,0,105
1117.0,0,105
1118.0,0,105
1119.0,0,105
1120.0,0,105
1121.0,0,105
1122.0,0,105
1123.0,0,105
1124.0,0,105
1125.0,0,105
1126.0,0,105
1127.0,0,105
1128.0,0,105
1129.0,0,105
1130.0,0,105
1131.0,0,105
1132.0,0,105
1133.0,0,105
1134.0,0,105
1135.0,0,105
1136.0,0,105
1137.0,0,105
1138.0,0,105
1139.0,0,105
1140.0,0,105
1141.0,0,105
1142.0,0,105
1143.0,0,105
1144.0,0,105
1145.0,0,105
1146.0,0,105
1147.0,0,105
1148.0,0,105
1149.0,0,105
1150.0,0,105
1151.0,0,105
1152.0,0,105
1153.0,0,105
1154.0,0,105
1155.0,0,105
1156.0,0,105
1157.0,0,105
1158.0,0,105
1159.0,0,105
1160.0,0,105
1161.0,0,105
1162.0,0,105
1163.0,0,105
1164.0,0,105
1165.0,0,105
1166.0,0,105
1167.0,0,105
1168.0,0,105
1169.0,0,105
1170.0,0,105
1171.0,0,105
1172.0,0,105
1173.0,0,105
1174.0,0,105
1175.0,0,105
1176.0,0,105
1177.0,0,105
1178.0,0,105
1179.0,0,105
1180.0,0,105
1181.0,0,105
1182.0,0,105
1183.0,0,105
1184.0,0,105
1185.0,0,105
1186.0,0,105
1187.0,0,105
1188.0,0,105
1189.0,0,105
1190.0,0,105
1191.0,0,105
1192.0,0,105
1193.0,0,105
1194.0,0,105
1195.0,0,105
1196.0,0,105
1197.0,0,105
1198.0,0,105
1199.0,0,105
1200.0,0,105
1201.0,0,105
1202.0,0,105
1203.0,0,105
1204.0,0,105
1205.0,0,105
1206.0,0,105
1207.0,0,105
1208.0,0,105
1209.0,0,105
1210.0,0,105
1211.0,0,105
1212.0,0,105
1213.0,0,105
1214.0,0,105
1215.0,0,105
1216.0,0,105
1217.0,0,105
1218.0,0,105
1219.0,0,105
1220.0,0,105
1221.0,0,105
1222.0,0,105
1223.0,0,105
1224.0,0,105
1225.0,0,105
1226.0,0,105
1227.0,0,105
1228.0,0,105
1229.0,0,105
1230.0,0,105
1231.0,0,105
1232.0,0,105
1233.0,0,105
1234.0,0,105
1235.0,0,105
1236.0,0,105
1237.0,0,105
1238.0,0,105
1239.0,0,105
1240.0,0,105
1241.0,0,105
1242.0,0,105
1243.0,0,105
1244.0,0,105
1245.0,0,105
1246.0,0,105
1247.0,0,105
1248.0,0,105
1249.0,0,105
1250.0,0,105
1251.0,0,105
1252.0,0,105
1253.0,0,105
1254.0,0,105
1255.0,0,105
1256.0,0,105
1257.0,0,105
1258.0,0,105
1259.0,0,105
1260.0,0,105
1261.0,0,105
1262.0,0,105
1263.0,0,105
1264.0,0,105
1265.0,0,105
1266.0,0,105
1267.0,0,105
1268.0,0,105
1269.0,0,105
1270.0,0,105
1271.0,0,105
1272.0,0,105
1273.0,0,105
1274.0,0,105
1275.0,0,105
1276.0,0,105
1277.0,0,105
1278.0,0,105
1279.0,0,105
1280.0,0,105
1281.0,0,105
1282.0,0,105
1283.0,0,105
1284.0,0,105
1285.0,0,105
1286.0,0,105
1287.0,0,105
1288.0,0,105
1289.0,0,105
1290.0,0,105
1291.0,0,105
1292.0,0,105
1293.0,0,105
1294.0,0,105
1295.0,0,105
1296.0,0,105
1297.0,0,105
1298.0,0,105
1299.0,0,105
1300.0,0,105
1301.0,0,105
1302.0,0,105
1303.0,0,105
1304.0,0,105
1305.0,0,105
1306.0,0,105
1307.0,0,105
1308.0,0,105
1309.0,0,105
1310.0,0,105
1311.0,0,105
1312.0,0,105
1313.0,0,105
1314.0,0,105
1315.0,0,105
1316.0,0,105
1317.0,0,105
1318.0,0,105
1319.0,0,105
1320.0,0,105
1321.0,0,105
1322.0,0,105
1323.0,0,105
1324.0,0,105
1325.0,0,105
1326.0,0,105
1327.0,0,105
1328.0,0,105
1329.0,0,105
1330.0,0,105
1331.0,0,105
1332.0,0,105
1333.0,0,105
1334.0,0,105
1335.0,0,105
1336.0,0,105
1337.0,0,105
1338.0,0,105
1339.0,0,105
1340.0,0,105
1341.0,0,105
1342.0,0,105
1343.0,0,105
1344.0,0,105
1345.0,0,105
1346.0,0,105
1347.0,0,105
1348.0,0,105
1349.0,0,105
1350.0,0,105
1351.0,0,105
1352.0,0,105
1353.0,0,105
1354.0,0,105
1355.0,0,105
1356.0,0,105
1357.0,0,105
1358.0,0,105
1359.0,0,105
1360.0,0,105
1361.0,0,105
1362.0,0,105
1363.0,0,105
1364.0,0,105
1365.0,0,105
1366.0,0,105
1367.0,0,105
1368.0,0,105
1369.0,0,105
1370.0,0,105
1371.0,0,105
1372.0,0,105
1373.0,0,105
1374.0,0,105
1375.0,0,105
1376.0,0,105
1377.0,0,105
1378.0,0,105
1379.0,0,105
1380.0,0,105
1381.0,0,105
1382.0,0,105
1383.0,0,105
1384.0,0,105
1385.0,0,105
1386.0,0,105
1387.0,0,105
1388.0,0,105
1389.0,0,105
1390.0,0,105
1391.0,0,105
1392.0,0,105
1393.0,0,105
1394.0,0,105
1395.0,0,105
1396.0,0,105
1397.0,0,105
1398.0,0,105
1399.0,0,105
1400.0,0,105
1401.0,0,105
1402.0,0,105
1403.0,0,105
1404.0,0,105
1405.0,0,105
1406.0,0,105
1407.0,0,105
1408.0,0,105
1409.0,0,105
1410.0,0,105
1411.0,0,105
1412.0,0,105
1413.0,0,105
1414.0,0,105
1415.0,0,105
1416.0,0,105
1417.0,0,105
1418.0,0,105
1419.0,0,105
1420.0,0,105
1421.0,0,105
1422.0,0,105
1423.0,0,105
1424.0,0,105
1425.0,0,105
1426.0,0,105
1427.0,0,105
1428.0,0,105
1429.0,0,105
1430.0,0,105
1431.0,0,105
1432.0,0,105
1433.0,0,105
1434.0,0,105
1435.0,0,105
1436.0,0,105
1437.0,0,105
1438.0,0,105
1439.0,0,105
1440.0,0,105
1441.0,0,105
1442.0,0,105
1443.0,0,105
1444.0,0,105
1445.0,0,105
1446.0,0,105
1447.0,0,105
1448.0,0,105
1449.0,0,105
1450.0,0,105
1451.0,0,105
1452.0,0,105
1453.0,0,105
1454.0,0,105
1455.0,0,105
1456.0,0,105
1457.0,0,105
1458.0,0,105
1459.0,0,105
1460.0,0,105
1461.0,0,105
1462.0,0,105
1463.0,0,105
1464.0,0,105
1465.0,0,105
1466.0,0,105
1467.0,0,105
1468.0,0,105
1469.0,0,105
1470.0,0,105
1471.0,0,105
1472.0,0,105
1473.0,0,105
1474.0,0,105
1475.0,0,105
1476.0,0,105
1477.0,0,105
1478.0,0,105
1479.0,0,105
1480.0,0,105
1481.0,0,105
1482.0,0,105
1483.0,0,105
1484.0,0,105
1485.0,0,105
1486.0,0,105
1487.0,0,105
1488.0,0,105
1489.0,0,105
1490.0,0,105
1491.0,0,105
1492.0,0,105
1493.0,0,105
1494.0,0,105
1495.0,0,105
1496.0,0,105
1497.0,0,105
1498.0,0,105
1499.0,0,105
1500.0,0,105
1501.0,0,105
1502.0,0,105
1503.0,0,105
1504.0,0,105
1505.0,0,105
1506.0,0,105
1507.0,0,105
1508.0,0,105
1509.0,0,105
1510.0,0,105
1511.0,0,105
1512.0,0,105
1513.0,0,105
1514.0,0,105
1515.0,0,105
1516.0,0,105
1517.0,0,105
1518.0,0,105
1519.0,0,105
1520.0,0,105
1521.0,0,105
1522.0,0,105
1523.0,0,105
1524.0,0,105
1525.0,0,105
1526.0,0,105
1527.0,0,105
1528.0,0,105
1529.0,0,105
1530.0,0,105
1531.0,0,105
1532.0,0,105
1533.0,0,105
1534.0,0,105
1535.0,0,105
1536.0,0,105
1537.0,0,105
1538.0,0,105
1539.0,0,105
1540.0,0,105
1541.0,0,105
1542.0,0,105
1543.0,0,105
1544.0,0,105
1545.0,0,105
1546.0,0,105
1547.0,0,105
1548.0,0,105
1549.0,0,105
1550.0,0,105
1551.0,0,105
1552.0,0,105
1553.0,0,105
1554.0,0,105
1555.0,0,105
1556.0,0,105
1557.0,0,105
1558.0,0,105
1559.0,0,105
1560.0,0,105
1561.0,0,105
1562.0,0,105
1563.0,0,105
1564.0,0,105
1565.0,0,105
1566.0,0,105
1567.0,0,105
1568.0,0,105
1569.0,0,105
1570.0,0,105
1571.0,0,105
1572.0,0,105
1573.0,0,105
1574.0,0,105
1575.0,0,105
1576.0,0,105
1577.0,0,105
1578.0,0,105
1579.0,0,105
1580.0,0,105
1581.0,0,105
1582.0,0,105
1583.0,0,105
1584.0,0,105
1585.0,0,105
1586.0,0,105
1587.0,0,105
1588.0,0,105
1589.0,0,105
1590.0,0,105
1591.0,0,105
1592.0,0,105
1593.0,0,105
1594.0,0,105
1595.0,0,105
1596.0,0,105
1597.0,0,105
1598.0,0,105
1599.0,0,105
1600.0,0,105
1601.0,0,105
1602.0,0,105
1603.0,0,105
1604.0,0,105
1605.0,0,105
1606.0,0,105
1607.0,0,105
1608.0,0,105
1609.0,0,105
1610.0,0,105
1611.0,0,105
1612.0,0,105
1613.0,0,105
1614.0,0,105
1615.0,0,105
1616.0,0,105
1617.0,0,105
1618.0,0,105
1619.0,0,105
1620.0,0,105
1621.0,0,105
1622.0,0,105
1623.0,0,105
1624.0,0,105
1625.0,0,105
1626.0,0,105
1627.0,0,105
1628.0,0,105
1629.0,0,105
1630.0,0,105
1631.0,0,105
1632.0,0,105
1633.0,0,105
1634.0,0,105
1635.0,0,105
1636.0,0,105
1637.0,0,105
1638.0,0,105
1639.0,0,105
1640.0,0,105
1641.0,0,105
1642.0,0,105
1643.0,0,105
1644.0,0,105
1645.0,0,105
1646.0,0,105
1647.0,0,105
1648.0,0,105
1649.0,0,105
1650.0,0,105
1651.0,0,105
1652.0,0,105
1653.0,0,105
1654.0,0,105
1655.0,0,105
1656.0,0,105
1657.0,0,105
1658.0,0,105
1659.0,0,105
1660.0,0,105
1661.0,0,105
1662.0,0,105
1663.0,0,105
1664.0,0,105
1665.0,0,105
1666.0,0,105
1667.0,0,105
1668.0,0,105
1669.0,0,105
1670.0,0,105
1671.0,0,105
1672.0,0,105
1673.0,0,105
1674.0,0,105
1675.0,0,105
1676.0,0,105
1677.0,0,105
1678.0,0,105
1679.0,0,105
1680.0,0,105
1681.0,0,105
1682.0,0,105
1683.0,0,105
1684.0,0,105
1685.0,0,105
1686.0,0,105
1687.0,0,105
1688.0,0,105
1689.0,0,105
1690.0,0,105
1691.0,0,105
1692.0,0,105
1693.0,0,105
1694.0,0,105
1695.0,0,105
1696.0,0,105
1697.0,0,105
1698.0,0,105
1699.0,0,105
1700.0,0,105
1701.0,0,105
1702.0,0,105
1703.0,0,105
1704.0,0,105
1705.0,0,105
1706.0,0,105
1707.0,0,105
1708.0,0,105
1709.0,0,105
1710.0,0,105
1711.0,0,105
1712.0,0,105
1713.0,0,105
1714.0,0,105
1715.0,0,105
1716.0,0,105
1717.0,0,105
1718.0,0,105
1719.0,0,105
1720.0,0,105
1721.0,0,105
1722.0,0,105
1723.0,0,105
1724.0,0,105
1725.0,0,105
1726.0,0,105
1727.0,0,105
1728.0,0,105
1729.0,0,105
1730.0,0,105
1731.0,0,105
1732.0,0,105
1733.0,0,105
1734.0,0,105
1735.0,0,105
1736.0,0,105
1737.0,0,105
1738.0,0,105
1739.0,0,105
1740.0,0,105
1741.0,0,105
1742.0,0,105
1743.0,0,105
1744.0,0,105
1745.0,0,105
1746.0,0,105
1747.0,0,105
1748.0,0,105
1749.0,0,105
1750.0,0,105
1751.0,0,105
1752.0,0,105
1753.0,0,105
1754.0,0,105
1755.0,0,105
1756.0,0,105
1757.0,0,105
1758.0,0,105
1759.0,0,105
1760.0,0,105
1761.0,0,105
1762.0,0,105
1763.0,0,105
1764.0,0,105
1765.0,0,105
1766.0,0,105
1767.0,0,105
1768.0,0,105
1769.0,0,105
1770.0,0,105
1771.0,0,105
1772.0,0,105
1773.0,0,105
1774.0,0,105
1775.0,0,105
1776.0,0,105
1777.0,0,105
1778.0,0,105
1779.0,0,105
1780.0,0,105
1781.0,0,105
1782.0,0,105
1783.0,0,105
1784.0,0,105
1785.0,0,105
1786.0,0,105
1787.0,0,105
1788.0,0,105
1789.0,0,105
1790.0,0,105
1791.0,0,105
1792.0,0,105
1793.0,0,105
1794.0,0,105
1795.0,0,105
1796.0,0,105
1797.0,0,105
1798.0,0,105
1799.0,0,105
1800.0,0,105
1801.0,0,105
1802.0,0,105
1803.0,0,105
1804.0,0,105
1805.0,0,105
1806.0,0,105
1807.0,0,105
1808.0,0,105
1809.0,0,105
1810.0,0,105
1811.0,0,105
1812.0,0,105
1813.0,0,105
1814.0,0,105
1815.0,0,105
1816.0,0,105
1817.0,0,105
1818.0,0,105
1819.0,0,105
1820.0,0,105
1821.0,0,105
1822.0,0,105
1823.0,0,105
1824.0,0,105
1825.0,0,105
1826.0,0,105
1827.0,0,105
1828.0,0,105
1829.0,0,105
1830.0,0,105
1831.0,0,105
1832.0,0,105
1833.0,0,105
1834.0,0,105
1835.0,0,105
1836.0,0,105
1837.0,0,105
1838.0,0,105
1839.0,0,105
1840.0,0,105
1841.0,0,105
1842.0,0,105
1843.0,0,105
1844.0,0,105
1845.0,0,105
1846.0,0,105
1847.0,0,105
1848.0,0,105
1849.0,0,105
1850.0,0,105
1851.0,0,105
1852.0,0,105
1853.0,0,105
1854.0,0,105
1855.0,0,105
1856.0,0,105
1857.0,0,105
1858.0,0,105
1859.0,0,105
1860.0,0,105
1861.0,0,105
1862.0,0,105
1863.0,0,105
1864.0,0,105
1865.0,0,105
1866.0,0,105
1867.0,0,105
1868.0,0,105
1869.0,0,105
1870.0,0,105
1871.0,0,105
1872.0,0,105
1873.0,0,105
1874.0,0,105
1875.0,0,105
1876.0,0,105
1877.0,0,105
1878.0,0,105
1879.0,0,105
1880.0,0,105
1881.0,0,105
1882.0,0,105
1883.0,0,105
1884.0,0,105
1885.0,0,105
1886.0,0,105
1887.0,0,105
1888.0,0,105
1889.0,0,105
1890.0,0,105
1891.0,0,105
1892.0,0,105
1893.0,0,105
1894.0,0,105
1895.0,0,105
1896.0,0,105
1897.0,0,105
1898.0,0,105
1899.0,0,105
1900.0,0,105
1901.0,0,105
1902.0,0,105
1903.0,0,105
1904.0,0,105
1905.0,0,105
1906.0,0,105
1907.0,0,105
1908.0,0,105
1909.0,0,105
1910.0,0,105
1911.0,0,105
1912.0,0,105
1913.0,0,105
1914.0,0,105
1915.0,0,105
1916.0,0,105
1917.0,0,105
1918.0,0,105
1919.0,0,105
1920.0,0,105
1921.0,0,105
1922.0,0,105
1923.0,0,105
1924.0,0,105
1925.0,0,105
1926.0,0,105
1927.0,0,105
1928.0,0,105
1929.0,0,105
1930.0,0,105
1931.0,0,105
1932.0,0,105
1933.0,0,105
1934.0,0,105
1935.0,0,105
1936.0,0,105
1937.0,0,105
1938.0,0,105
1939.0,0,105
1940.0,0,105
1941.0,0,105
1942.0,0,105
1943.0,0,105
1944.0,0,105
1945.0,0,105
1946.0,0,105
1947.0,0,105
1948.0,0,105
1949.0,0,105
1950.0,0,105
1951.0,0,105
1952.0,0,105
1953.0,0,105
1954.0,0,105
1955.0,0,105
1956.0,0,105
1957.0,0,105
1958.0,0,105
1959.0,0,105
1960.0,0,105
1961.0,0,105
1962.0,0,105
1963.0,0,105
1964.0,0,105
1965.0,0,105
1966.0,0,105
1967.0,0,105
1968.0,0,105
1969.0,0,105
1970.0,0,105
1971.0,0,105
1972.0,0,105
1973.0,0,105
1974.0,0,105
1975.0,0,105
1976.0,0,105
1977.0,0,105
1978.0,0,105
1979.0,0,105
1980.0,0,105
1981.0,0,105
1982.0,0,105
1983.0,0,105
1984.0,0,105
1985.0,0,105
1986.0,0,105
1987.0,0,105
1988.0,0,105
1989.0,0,105
1990.0,0,105
1991.0,0,105
1992.0,0,105
1993.0,0,105
1994.0,0,105
1995.0,0,105
1996.0,0,105
1997.0,0,105
1998.0,0,105
1999.0,0,105
2000.0,0,105
2001.0,0,105
2002.0,0,105
2003.0,0,105
2004.0,0,105
2005.0,0,105
2006.0,0,105
2007.0,0,105
2008.0,0,105
2009.0,0,105
2010.0,0,105
2011.0,0,105
2012.0,0,105
2013.0,0,105
2014.0,0,105
2015.0,0,105
2016.0,0,105
2017.0,0,105
2018.0,0,105
2019.0,0,105
2020.0,0,105
2021.0,0,105
2022.0,0,105
2023.0,0,105
2024.0,0,105
2025.0,0,105
2026.0,0,105
2027.0,0,105
2028.0,0,105
2029.0,0,105
2030.0,0,105
2031.0,0,105
2032.0,0,105
2033.0,0,105
2034.0,0,105
2035.0,0,105
2036.0,0,105
2037.0,0,105
2038.0,0,105
2039.0,0,105
2040.0,0,105
2041.0,0,105
2042.0,0,105
2043.0,0,105
2044.0,0,105
2045.0,0,105
2046.0,0,105
2047.0,0,105
2048.0,0,105
2049.0,0,105
2050.0,0,105
2051.0,0,105
2052.0,0,105
2053.0,0,105
2054.0,0,105
2055.0,0,105
2056.0,0,105
2057.0,0,105
2058.0,0,105
2059.0,0,105
2060.0,0,105
2061.0,0,105
2062.0,0,105
2063.0,0,105
2064.0,0,105
2065.0,0,105
2066.0,0,105
2067.0,0,105
2068.0,0,105
2069.0,0,105
2070.0,0,105
2071.0,0,105
2072.0,0,105
2073.0,0,105
2074.0,0,105
2075.0,0,105
2076.0,0,105
2077.0,0,105
2078.0,0,105
2079.0,0,105
2080.0,0,105
2081.0,0,105
2082.0,0,105
2083.0,0,105
2084.0,0,105
2085.0,0,105
2086.0,0,105
2087.0,0,105
2088.0,0,105
2089.0,0,105
2090.0,0,105
2091.0,0,105
2092.0,0,105
2093.0,0,105
2094.0,0,105
2095.0,0,105
2096.0,0,105
2097.0,0,105
2098.0,0,105
2099.0,0,105
2100.0,0,105
2101.0,0,105
2102.0,0,105
2103.0,0,105
2104.0,0,105
2105.0,0,105
2106.0,0,105
2107.0,0,105
2108.0,0,105
2109.0,0,105
2110.0,0,105
2111.0,0,105
2112.0,0,105
2113.0,0,105
2114.0,0,105
2115.0,0,105
2116.0,0,105
2117.0,0,105
2118.0,0,105
2119.0,0,105
2120.0,0,105
2121.0,0,105
2122.0,0,105
2123.0,0,105
2124.0,0,105
2125.0,0,105
2126.0,0,105
2127.0,0,105
2128.0,0,105
2129.0,0,105
2130.0,0,105
2131.0,0,105
2132.0,0,105
2133.0,0,105
2134.0,0,105
2135.0,0,105
2136.0,0,105
2137.0,0,105
2138.0,0,105
2139.0,0,105
2140.0,0,105
2141.0,0,105
2142.0,0,105
2143.0,0,105
2144.0,0,105
2145.0,0,105
2146.0,0,105
2147.0,0,105
2148.0,0,105
2149.0,0,105
2150.0,0,105
2151.0,0,105
2152.0,0,105
2153.0,0,105
2154.0,0,105
2155.0,0,105
2156.0,0,105
2157.0,0,105
2158.0,0,105
2159.0,0,105
2160.0,0,105
2161.0,0,105
2162.0,0,105
2163.0,0,105
2164.0,0,105
2165.0,0,105
2166.0,0,105
2167.0,0,105
2168.0,0,105
2169.0,0,105
2170.0,0,105
2171.0,0,105
2172.0,0,105
2173.0,0,105
2174.0,0,105
2175.0,0,105
2176.0,0,105
2177.0,0,105
2178.0,0,105
2179.0,0,105
2180.0,0,105
2181.0,0,105
2182.0,0,105
2183.0,0,105
2184.0,0,105
2185.0,0,105
2186.0,0,105
2187.0,0,105
2188.0,0,105
2189.0,0,105
2190.0,0,105
2191.0,0,105
2192.0,0,105
2193.0,0,105
2194.0,0,105
2195.0,0,105
2196.0,0,105
2197.0,0,105
2198.0,0,105
2199.0,0,105
2200.0,0,105
2201.0,0,105
2202.0,0,105
2203.0,0,105
2204.0,0,105
2205.0,0,105
2206.0,0,105
2207.0,0,105
2208.0,0,105
2209.0,0,105
2210.0,0,105
2211.0,0,105
2212.0,0,105
2213.0,0,105
2214.0,0,105
2215.0,0,105
2216.0,0,105
2217.0,0,105
2218.0,0,105
2219.0,0,105
2220.0,0,105
2221.0,0,105
2222.0,0,105
2223.0,0,105
2224.0,0,105
2225.0,0,105
2226.0,0,105
2227.0,0,105
2228.0,0,105
2229.0,0,105
2230.0,0,105
2231.0,0,105
2232.0,0,105
2233.0,0,105
2234.0,0,105
2235.0,0,105
2236.0,0,105
2237.0,0,105
2238.0,0,105
2239.0,0,105
2240.0,0,105
2241.0,0,105
2242.0,0,105
2243.0,0,105
2244.0,0,105
2245.0,0,105
2246.0,0,105
2247.0,0,105
2248.0,0,105
2249.0,0,105
2250.0,0,105
2251.0,0,105
2252.0,0,105
2253.0,0,105
2254.0,0,105
2255.0,0,105
2256.0,0,105
2257.0,0,105
2258.0,0,105
2259.0,0,105
2260.0,0,105
2261.0,0,105
2262.0,0,105
2263.0,0,105
2264.0,0,105
2265.0,0,105
2266.0,0,105
2267.0,0,105
2268.0,0,105
2269.0,0,105
2270.0,0,105
2271.0,0,105
2272.0,0,105
2273.0,0,105
2274.0,0,105
2275.0,0,105
2276.0,0,105
2277.0,0,105
2278.0,0,105
2279.0,0,105
2280.0,0,105
2281.0,0,105
2282.0,0,105
2283.0,0,105
2284.0,0,105
2285.0,0,105
2286.0,0,105
2287.0,0,105
2288.0,0,105
2289.0,0,105
2290.0,0,105
2291.0,0,105
2292.0,0,105
2293.0,0,105
2294.0,0,105
2295.0,0,105
2296.0,0,105
2297.0,0,105
2298.0,0,105
2299.0,0,105
2300.0,0,105
2301.0,0,105
2302.0,0,105
2303.0,0,105
2304.0,0,105
2305.0,0,105
2306.0,0,105
2307.0,0,105
2308.0,0,105
2309.0,0,105
2310.0,0,105
2311.0,0,105
2312.0,0,105
2313.0,0,105
2314.0,0,105
2315.0,0,105
2316.0,0,105
2317.0,0,105
2318.0,0,105
2319.0,0,105
2320.0,0,105
2321.0,0,105
2322.0,0,105
2323.0,0,105
2324.0,0,105
2325.0,0,105
2326.0,0,105
2327.0,0,105
2328.0,0,105
2329.0,0,105
2330.0,0,105
2331.0,0,105
2332.0,0,105
2333.0,0,105
2334.0,0,105
2335.0,0,105
2336.0,0,105
2337.0,0,105
2338.0,0,105
2339.0,0,105
2340.0,0,105
2341.0,0,105
2342.0,0,105
2343.0,0,105
2344.0,0,105
2345.0,0,105
2346.0,0,105
2347.0,0,105
2348.0,0,105
2349.0,0,105
2350.0,0,105
2351.0,0,105
2352.0,0,105
2353.0,0,105
2354.0,0,105
2355.0,0,105
2356.0,0,105
2357.0,0,105
2358.0,0,105
2359.0,0,105
2360.0,0,105
2361.0,0,105
2362.0,0,105
2363.0,0,105
2364.0,0,105
2365.0,0,105
2366.0,0,105
2367.0,0,105
2368.0,0,105
2369.0,0,105
2370.0,0,105
2371.0,0,105
2372.0,0,105
2373.0,0,105
2374.0,0,105
2375.0,0,105
2376.0,0,105
2377.0,0,105
2378.0,0,105
2379.0,0,105
2380.0,0,105
2381.0,0,105
2382.0,0,105
2383.0,0,105
2384.0,0,105
2385.0,0,105
2386.0,0,105
2387.0,0,105
2388.0,0,105
2389.0,0,105
2390.0,0,105
2391.0,0,105
2392.0,0,105
2393.0,0,105
2394.0,0,105
2395.0,0,105
2396.0,0,105
2397.0,0,105
2398.0,0,105
2399.0,0,105
2400.0,0,105
2401.0,0,105
2402.0,0,105
2403.0,0,105
2404.0,0,105
2405.0,0,105
2406.0,0,105
2407.0,0,105
2408.0,0,105
2409.0,0,105
2410.0,0,105
2411.0,0,105
2412.0,0,105
2413.0,0,105
2414.0,0,105
2415.0,0,105
2416.0,0,105
2417.0,0,105
2418.0,0,105
2419.0,0,105
2420.0,0,105
2421.0,0,105
2422.0,0,105
2423.0,0,105
2424.0,0,105
2425.0,0,105
2426.0,0,105
2427.0,0,105
2428.0,0,105
2429.0,0,105
2430.0,0,105
2431.0,0,105
2432.0,0,105
2433.0,0,105
2434.0,0,105
2435.0,0,105
2436.0,0,105
2437.0,0,105
2438.0,0,105
2439.0,0,105
2440.0,0,105
2441.0,0,105
2442.0,0,105
2443.0,0,105
2444.0,0,105
2445.0,0,105
2446.0,0,105
2447.0,0,105
2448.0,0,105
2449.0,0,105
2450.0,0,105
2451.0,0,105
2452.0,0,105
2453.0,0,105
2454.0,0,105
2455.0,0,105
2456.0,0,105
2457.0,0,105
2458.0,0,105
2459.0,0,105
2460.0,0,105
2461.0,0,105
2462.0,0,105
2463.0,0,105
2464.0,0,105
2465.0,0,105
2466.0,0,105
2467.0,0,105
2468.0,0,105
2469.0,0,105
2470.0,0,105
2471.0,0,105
2472.0,0,105
2473.0,0,105
2474.0,0,105
2475.0,0,105
2476.0,0,105
2477.0,0,105
2478.0,0,105
2479.0,0,105
2480.0,0,105
2481.0,0,105
2482.0,0,105
2483.0,0,105
2484.0,0,105
2485.0,0,105
2486.0,0,105
2487.0,0,105
2488.0,0,105
2489.0,0,105
2490.0,0,105
2491.0,0,105
2492.0,0,105
2493.0,0,105
2494.0,0,105
2495.0,0,105
2496.0,0,105
2497.0,0,105
2498.0,0,105
2499.0,0,105
2500.0,0,105
2501.0,0,105
2502.0,0,105
2503.0,0,105
2504.0,0,105
2505.0,0,105
2506.0,0,105
2507.0,0,105
2508.0,0,105
2509.0,0,105
2510.0,0,105
2511.0,0,105
2512.0,0,105
2513.0,0,105
2514.0,0,105
2515.0,0,105
2516.0,0,105
2517.0,0,105
2518.0,0,105
2519.0,0,105
2520.0,0,105
2521.0,0,105
2522.0,0,105
2523.0,0,105
2524.0,0,105
2525.0,0,105
2526.0,0,105
2527.0,0,105
2528.0,0,105
2529.0,0,105
2530.0,0,105
2531.0,0,105
2532.0,0,105
2533.0,0,105
2534.0,0,105
2535.0,0,105
2536.0,0,105
2537.0,0,105
2538.0,0,105
2539.0,0,105
2540.0,0,105
2541.0,0,105
2542.0,0,105
2543.0,0,105
2544.0,0,105
2545.0,0,105
2546.0,0,105
2547.0,0,105
2548.0,0,105
2549.0,0,105
2550.0,0,105
2551.0,0,105
2552.0,0,105
2553.0,0,105
2554.0,0,105
2555.0,0,105
2556.0,0,105
2557.0,0,105
2558.0,0,105
2559.0,0,105
2560.0,0,105
2561.0,0,105
2562.0,0,105
2563.0,0,105
2564.0,0,105
2565.0,0,105
2566.0,0,105
2567.0,0,105
2568.0,0,105
2569.0,0,105
2570.0,0,105
2571.0,0,105
2572.0,0,105
2573.0,0,105
2574.0,0,105
2575.0,0,105
2576.0,0,105
2577.0,0,105
2578.0,0,105
2579.0,0,105
2580.0,0,105
2581.0,0,105
2582.0,0,105
2583.0,0,105
2584.0,0,105
2585.0,0,105
2586.0,0,105
2587.0,0,105
2588.0,0,105
2589.0,0,105
2590.0,0,105
2591.0,0,105
2592.0,0,105
2593.0,0,105
2594.0,0,105
2595.0,0,105
2596.0,0,105
2597.0,0,105
2598.0,0,105
2599.0,0,105
2600.0,0,105
2601.0,0,105
2602.0,0,105
2603.0,0,105
2604.0,0,105
2605.0,0,105
2606.0,0,105
2607.0,0,105
2608.0,0,105
2609.0,0,105
2610.0,0,105
2611.0,0,105
2612.0,0,105
2613.0,0,105
2614.0,0,105
2615.0,0,105
2616.0,0,105
2617.0,0,105
2618.0,0,105
2619.0,0,105
2620.0,0,105
2621.0,0,105
2622.0,0,105
2623.0,0,105
2624.0,0,105
2625.0,0,105
2626.0,0,105
2627.0,0,105
2628.0,0,105
2629.0,0,105
2630.0,0,105
2631.0,0,105
2632.0,0,105
2633.0,0,105
2634.0,0,105
2635.0,0,105
2636.0,0,105
2637.0,0,105
2638.0,0,105
2639.0,0,105
2640.0,0,105
2641.0,0,105
2642.0,0,105
2643.0,0,105
2644.0,0,105
2645.0,0,105
2646.0,0,105
2647.0,0,105
2648.0,0,105
2649.0,0,105
2650.0,0,105
2651.0,0,105
2652.0,0,105
2653.0,0,105
2654.0,0,105
2655.0,0,105
2656.0,0,105
2657.0,0,105
2658.0,0,105
2659.0,0,105
2660.0,0,105
2661.0,0,105
2662.0,0,105
2663.0,0,105
2664.0,0,105
2665.0,0,105
2666.0,0,105
2667.0,0,105
2668.0,0,105
2669.0,0,105
2670.0,0,105
2671.0,0,105
2672.0,0,105
2673.0,0,105
2674.0,0,105
2675.0,0,105
2676.0,0,105
2677.0,0,105
2678.0,0,105
2679.0,0,105
2680.0,0,105
2681.0,0,105
2682.0,0,105
2683.0,0,105
2684.0,0,105
2685.0,0,105
2686.0,0,105
2687.0,0,105
2688.0,0,105
2689.0,0,105
2690.0,0,105
2691.0,0,105
2692.0,0,105
2693.0,0,105
2694.0,0,105
2695.0,0,105
2696.0,0,105
2697.0,0,105
2698.0,0,105
2699.0,0,105
2700.0,0,105
2701.0,0,105
2702.0,0,105
2703.0,0,105
2704.0,0,105
2705.0,0,105
2706.0,0,105
2707.0,0,105
2708.0,0,105
2709.0,0,105
2710.0,0,105
2711.0,0,105
2712.0,0,105
2713.0,0,105
2714.0,0,105
2715.0,0,105
2716.0,0,105
2717.0,0,105
2718.0,0,105
2719.0,0,105
2720.0,0,105
2721.0,0,105
2722.0,0,105
2723.0,0,105
2724.0,0,105
2725.0,0,105
2726.0,0,105
2727.0,0,105
2728.0,0,105
2729.0,0,105
2730.0,0,105
2731.0,0,105
2732.0,0,105
2733.0,0,105
2734.0,0,105
2735.0,0,105
2736.0,0,105
2737.0,0,105
2738.0,0,105
2739.0,0,105
2740.0,0,105
2741.0,0,105
2742.0,0,105
2743.0,0,105
2744.0,0,105
2745.0,0,105
2746.0,0,105
2747.0,0,105
2748.0,0,105
2749.0,0,105
2750.0,0,105
2751.0,0,105
2752.0,0,105
2753.0,0,105
2754.0,0,105
2755.0,0,105
2756.0,0,105
2757.0,0,105
2758.0,0,105
2759.0,0,105
2760.0,0,105
2761.0,0,105
2762.0,0,105
2763.0,0,105
2764.0,0,105
2765.0,0,105
2766.0,0,105
2767.0,0,105
2768.0,0,105
2769.0,0,105
2770.0,0,105
2771.0,0,105
2772.0,0,105
2773.0,0,105
2774.0,0,105
2775.0,0,105
2776.0,0,105
2777.0,0,105
2778.0,0,105
2779.0,0,105
2780.0,0,105
2781.0,0,105
2782.0,0,105
2783.0,0,105
2784.0,0,105
2785.0,0,105
2786.0,0,105
2787.0,0,105
2788.0,0,105
2789.0,0,105
2790.0,0,105
2791.0,0,105
2792.0,0,105
2793.0,0,105
2794.0,0,105
2795.0,0,105
2796.0,0,105
2797.0,0,105
2798.0,0,105
2799.0,0,105
2800.0,0,105
2801.0,0,105
2802.0,0,105
2803.0,0,105
2804.0,0,105
2805.0,0,105
2806.0,0,105
2807.0,0,105
2808.0,0,105
2809.0,0,105
2810.0,0,105
2811.0,0,105
2812.0,0,105
2813.0,0,105
2814.0,0,105
2815.0,0,105
2816.0,0,105
2817.0,0,105
2818.0,0,105
2819.0,0,105
2820.0,0,105
2821.0,0,105
2822.0,0,105
2823.0,0,105
2824.0,0,105
2825.0,0,105
2826.0,0,105
2827.0,0,105
2828.0,0,105
2829.0,0,105
2830.0,0,105
2831.0,0,105
2832.0,0,105
2833.0,0,105
2834.0,0,105
2835.0,0,105
2836.0,0,105
2837.0,0,105
2838.0,0,105
2839.0,0,105
2840.0,0,105
2841.0,0,105
2842.0,0,105
2843.0,0,105
2844.0,0,105
2845.0,0,105
2846.0,0,105
2847.0,0,105
2848.0,0,105
2849.0,0,105
2850.0,0,105
2851.0,0,105
2852.0,0,105
2853.0,0,105
2854.0,0,105
2855.0,0,105
2856.0,0,105
2857.0,0,105
2858.0,0,105
2859.0,0,105
2860.0,0,105
2861.0,0,105
2862.0,0,105
2863.0,0,105
2864.0,0,105
2865.0,0,105
2866.0,0,105
2867.0,0,105
2868.0,0,105
2869.0,0,105
2870.0,0,105
2871.0,0,105
2872.0,0,105
2873.0,0,105
2874.0,0,105
2875.0,0,105
2876.0,0,105
2877.0,0,105
2878.0,0,105
2879.0,0,105
2880.0,0,105
2881.0,0,105
2882.0,0,105
2883.0,0,105
2884.0,0,105
2885.0,0,105
2886.0,0,105
2887.0,0,105
2888.0,0,105
2889.0,0,105
2890.0,0,105
2891.0,0,105
2892.0,0,105
2893.0,0,105
2894.0,0,105
2895.0,0,105
2896.0,0,105
2897.0,0,105
2898.0,0,105
2899.0,0,105
2900.0,0,105
2901.0,0,105
2902.0,0,105
2903.0,0,105
2904.0,0,105
2905.0,0,105
2906.0,0,105
2907.0,0,105
2908.0,0,105
2909.0,0,105
2910.0,0,105
2911.0,0,105
2912.0,0,105
2913.0,0,105
2914.0,0,105
2915.0,0,105
2916.0,0,105
2917.0,0,105
2918.0,0,105
2919.0,0,105
2920.0,0,105
2921.0,0,105
2922.0,0,105
2923.0,0,105
2924.0,0,105
2925.0,0,105
2926.0,0,105
2927.0,0,105
2928.0,0,105
2929.0,0,105
2930.0,0,105
2931.0,0,105
2932.0,0,105
2933.0,0,105
2934.0,0,105
2935.0,0,105
2936.0,0,105
2937.0,0,105
2938.0,0,105
2939.0,0,105
2940.0,0,105
2941.0,0,105
2942.0,0,105
2943.0,0,105
2944.0,0,105
2945.0,0,105
2946.0,0,105
2947.0,0,105
2948.0,0,105
2949.0,0,105
2950.0,0,105
2951.0,0,105
2952.0,0,105
2953.0,0,105
2954.0,0,105
2955.0,0,105
2956.0,0,105
2957.0,0,105
2958.0,0,105
2959.0,0,105
2960.0,0,105
2961.0,0,105
2962.0,0,105
2963.0,0,105
2964.0,0,105
2965.0,0,105
2966.0,0,105
2967.0,0,105
2968.0,0,105
2969.0,0,105
2970.0,0,105
2971.0,0,105
2972.0,0,105
2973.0,0,105
2974.0,0,105
2975.0,0,105
2976.0,0,105
2977.0,0,105
2978.0,0,105
2979.0,0,105
2980.0,0,105
2981.0,0,105
2982.0,0,105
2983.0,0,105
2984.0,0,105
2985.0,0,105
2986.0,0,105
2987.0,0,105
2988.0,0,105
2989.0,0,105
2990.0,0,105
2991.0,0,105
2992.0,0,105
2993.0,0,105
2994.0,0,105
2995.0,0,105
2996.0,0,105
2997.0,0,105
2998.0,0,105
2999.0,0,105
3000.0,0,105
3001.0,0,105
3002.0,0,105
3003.0,0,105
3004.0,0,105
3005.0,0,105
3006.0,0,105
3007.0,0,105
3008.0,0,105
3009.0,0,105
3010.0,0,105
3011.0,0,105
3012.0,0,105
3013.0,0,105
3014.0,0,105
3015.0,0,105
3016.0,0,105
3017.0,0,105
3018.0,0,105
3019.0,0,105
3020.0,0,105
3021.0,0,105
3022.0,0,105
3023.0,0,105
3024.0,0,105
3025.0,0,105
3026.0,0,105
3027.0,0,105
3028.0,0,105
3029.0,0,105
3030.0,0,105
3031.0,0,105
3032.0,0,105
3033.0,0,105
3034.0,0,105
3035.0,0,105
3036.0,0,105
3037.0,0,105
3038.0,0,105
3039.0,0,105
3040.0,0,105
3041.0,0,105
3042.0,0,105
3043.0,0,105
3044.0,0,105
3045.0,0,105
3046.0,0,105
3047.0,0,105
3048.0,0,105
3049.0,0,105
3050.0,0,105
3051.0,0,105
3052.0,0,105
3053.0,0,105
3054.0,0,105
3055.0,0,105
3056.0,0,105
3057.0,0,105
3058.0,0,105
3059.0,0,105
3060.0,0,105
3061.0,0,105
3062.0,0,105
3063.0,0,105
3064.0,0,105
3065.0,0,105
3066.0,0,105
3067.0,0,105
3068.0,0,105
3069.0,0,105
3070.0,0,105
3071.0,0,105
3072.0,0,105
3073.0,0,105
3074.0,0,105
3075.0,0,105
3076.0,0,105
3077.0,0,105
3078.0,0,105
3079.0,0,105
3080.0,0,105
3081.0,0,105
3082.0,0,105
3083.0,0,105
3084.0,0,105
3085.0,0,105
3086.0,0,105
3087.0,0,105
3088.0,0,105
3089.0,0,105
3090.0,0,105
3091.0,0,105
3092.0,0,105
3093.0,0,105
3094.0,0,105
3095.0,0,105
3096.0,0,105
3097.0,0,105
3098.0,0,105
3099.0,0,105
3100.0,0,105
3101.0,0,105
3102.0,0,105
3103.0,0,105
3104.0,0,105
3105.0,0,105
3106.0,0,105
3107.0,0,105
3108.0,0,105
3109.0,0,105
3110.0,0,105
3111.0,0,105
3112.0,0,105
3113.0,0,105
3114.0,0,105
3115.0,0,105
3116.0,0,105
3117.0,0,105
3118.0,0,105
3119.0,0,105
3120.0,0,105
3121.0,0,105
3122.0,0,105
3123.0,0,105
3124.0,0,105
3125.0,0,105
3126.0,0,105
3127.0,0,105
3128.0,0,105
3129.0,0,105
3130.0,0,105
3131.0,0,105
3132.0,0,105
3133.0,0,105
3134.0,0,105
3135.0,0,105
3136.0,0,105
3137.0,0,105
3138.0,0,105
3139.0,0,105
3140.0,0,105
3141.0,0,105
3142.0,0,105
3143.0,0,105
3144.0,0,105
3145.0,0,105
3146.0,0,105
3147.0,0,105
3148.0,0,105
3149.0,0,105
3150.0,0,105
3151.0,0,105
3152.0,0,105
3153.0,0,105
3154.0,0,105
3155.0,0,105
3156.0,0,105
3157.0,0,105
3158.0,0,105
3159.0,0,105
3160.0,0,105
3161.0,0,105
3162.0,0,105
3163.0,0,105
3164.0,0,105
3165.0,0,105
3166.0,0,105
3167.0,0,105
3168.0,0,105
3169.0,0,105
3170.0,0,105
3171.0,0,105
3172.0,0,105
3173.0,0,105
3174.0,0,105
3175.0,0,105
3176.0,0,105
3177.0,0,105
3178.0,0,105
3179.0,0,105
3180.0,0,105
3181.0,0,105
3182.0,0,105
3183.0,0,105
3184.0,0,105
3185.0,0,105
3186.0,0,105
3187.0,0,105
3188.0,0,105
3189.0,0,105
3190.0,0,105
3191.0,0,105
3192.0,0,105
3193.0,0,105
3194.0,0,105
3195.0,0,105
3196.0,0,105
3197.0,0,105
3198.0,0,105
3199.0,0,105
3200.0,0,105
3201.0,0,105
3202.0,0,105
3203.0,0,105
3204.0,0,105
3205.0,0,105
3206.0,0,105
3207.0,0,105
3208.0,0,105
3209.0,0,105
3210.0,0,105
3211.0,0,105
3212.0,0,105
3213.0,0,105
3214.0,0,105
3215.0,0,105
3216.0,0,105
3217.0,0,105
3218.0,0,105
3219.0,0,105
3220.0,0,105
3221.0,0,105
3222.0,0,105
3223.0,0,105
3224.0,0,105
3225.0,0,105
3226.0,0,105
3227.0,0,105
3228.0,0,105
3229.0,0,105
3230.0,0,105
3231.0,0,105
3232.0,0,105
3233.0,0,105
3234.0,0,105
3235.0,0,105
3236.0,0,105
3237.0,0,105
3238.0,0,105
3239.0,0,105
3240.0,0,105
3241.0,0,105
3242.0,0,105
3243.0,0,105
3244.0,0,105
3245.0,0,105
3246.0,0,105
3247.0,0,105
3248.0,0,105
3249.0,0,105
3250.0,0,105
3251.0,0,105
3252.0,0,105
3253.0,0,105
3254.0,0,105
3255.0,0,105
3256.0,0,105
3257.0,0,105
3258.0,0,105
3259.0,0,105
3260.0,0,105
3261.0,0,105
3262.0,0,105
3263.0,0,105
3264.0,0,105
3265.0,0,105
3266.0,0,105
3267.0,0,105
3268.0,0,105
3269.0,0,105
3270.0,0,105
3271.0,0,105
3272.0,0,105
3273.0,0,105
3274.0,0,105
3275.0,0,105
3276.0,0,105
3277.0,0,105
3278.0,0,105
3279.0,0,105
3280.0,0,105
3281.0,0,105
3282.0,0,105
3283.0,0,105
3284.0,0,105
3285.0,0,105
3286.0,0,105
3287.0,0,105
3288.0,0,105
3289.0,0,105
3290.0,0,105
3291.0,0,105
3292.0,0,105
3293.0,0,105
3294.0,0,105
3295.0,0,105
3296.0,0,105
3297.0,0,105
3298.0,0,105
3299.0,0,105
3300.0,0,105
3301.0,0,105
3302.0,0,105
3303.0,0,105
3304.0,0,105
3305.0,0,105
3306.0,0,105
3307.0,0,105
3308.0,0,105
3309.0,0,105
3310.0,0,105
3311.0,0,105
3312.0,0,105
3313.0,0,105
3314.0,0,105
3315.0,0,105
3316.0,0,105
3317.0,0,105
3318.0,0,105
3319.0,0,105
3320.0,0,105
3321.0,0,105
3322.0,0,105
3323.0,0,105
3324.0,0,105
3325.0,0,105
3326.0,0,105
3327.0,0,105
3328.0,0,105
3329.0,0,105
3330.0,0,105
3331.0,0,105
3332.0,0,105
3333.0,0,105
3334.0,0,105
3335.0,0,105
3336.0,0,105
3337.0,0,105
3338.0,0,105
3339.0,0,105
3340.0,0,105
3341.0,0,105
3342.0,0,105
3343.0,0,105
3344.0,0,105
3345.0,0,105
3346.0,0,105
3347.0,0,105
3348.0,0,105
3349.0,0,105
3350.0,0,105
3351.0,0,105
3352.0,0,105
3353.0,0,105
3354.0,0,105
3355.0,0,105
3356.0,0,105
3357.0,0,105
3358.0,0,105
3359.0,0,105
3360.0,0,105
3361.0,0,105
3362.0,0,105
3363.0,0,105
3364.0,0,105
3365.0,0,105
3366.0,0,105
3367.0,0,105
3368.0,0,105
3369.0,0,105
3370.0,0,105
3371.0,0,105
3372.0,0,105
3373.0,0,105
3374.0,0,105
3375.0,0,105
3376.0,0,105
3377.0,0,105
3378.0,0,105
3379.0,0,105
3380.0,0,105
3381.0,0,105
3382.0,0,105
3383.0,0,105
3384.0,0,105
3385.0,0,105
3386.0,0,105
3387.0,0,105
3388.0,0,105
3389.0,0,105
3390.0,0,105
3391.0,0,105
3392.0,0,105
3393.0,0,105
3394.0,0,105
3395.0,0,105
3396.0,0,105
3397.0,0,105
3398.0,0,105
3399.0,0,105
3400.0,0,105
3401.0,0,105
3402.0,0,105
3403.0,0,105
3404.0,0,105
3405.0,0,105
3406.0,0,105
3407.0,0,105
3408.0,0,105
3409.0,0,105
3410.0,0,105
3411.0,0,105
3412.0,0,105
3413.0,0,105
3414.0,0,105
3415.0,0,105
3416.0,0,105
3417.0,0,105
3418.0,0,105
3419.0,0,105
3420.0,0,105
3421.0,0,105
3422.0,0,105
3423.0,0,105
3424.0,0,105
3425.0,0,105
3426.0,0,105
3427.0,0,105
3428.0,0,105
3429.0,0,105
3430.0,0,105
3431.0,0,105
3432.0,0,105
3433.0,0,105
3434.0,0,105
3435.0,0,105
3436.0,0,105
3437.0,0,105
3438.0,0,105
3439.0,0,105
3440.0,0,105
3441.0,0,105
3442.0,0,105
3443.0,0,105
3444.0,0,105
3445.0,0,105
3446.0,0,105
3447.0,0,105
3448.0,0,105
3449.0,0,105
3450.0,0,105
3451.0,0,105
3452.0,0,105
3453.0,0,105
3454.0,0,105
3455.0,0,105
3456.0,0,105
3457.0,0,105
3458.0,0,105
3459.0,0,105
3460.0,0,105
3461.0,0,105
3462.0,0,105
3463.0,0,105
3464.0,0,105
3465.0,0,105
3466.0,0,105
3467.0,0,105
3468.0,0,105
3469.0,0,105
3470.0,0,105
3471.0,0,105
3472.0,0,105
3473.0,0,105
3474.0,0,105
3475.0,0,105
3476.0,0,105
3477.0,0,105
3478.0,0,105
3479.0,0,105
3480.0,0,105
3481.0,0,105
3482.0,0,105
3483.0,0,105
3484.0,0,105
3485.0,0,105
3486.0,0,105
3487.0,0,105
3488.0,0,105
3489.0,0,105
3490.0,0,105
3491.0,0,105
3492.0,0,105
3493.0,0,105
3494.0,0,105
3495.0,0,105
3496.0,0,105
3497.0,0,105
3498.0,0,105
3499.0,0,105
3500.0,0,105
3501.0,0,105
3502.0,0,105
3503.0,0,105
3504.0,0,105
3505.0,0,105
3506.0,0,105
3507.0,0,105
3508.0,0,105
3509.0,0,105
3510.0,0,105
3511.0,0,105
3512.0,0,105
3513.0,0,105
3514.0,0,105
3515.0,0,105
3516.0,0,105
3517.0,0,105
3518.0,0,105
3519.0,0,105
3520.0,0,105
3521.0,0,105
3522.0,0,105
3523.0,0,105
3524.0,0,105
3525.0,0,105
3526.0,0,105
3527.0,0,105
3528.0,0,105
3529.0,0,105
3530.0,0,105
3531.0,0,105
3532.0,0,105
3533.0,0,105
3534.0,0,105
3535.0,0,105
3536.0,0,105
3537.0,0,105
3538.0,0,105
3539.0,0,105
3540.0,0,105
3541.0,0,105
3542.0,0,105
3543.0,0,105
3544.0,0,105
3545.0,0,105
3546.0,0,105
3547.0,0,105
3548.0,0,105
3549.0,0,105
3550.0,0,105
3551.0,0,105
3552.0,0,105
3553.0,0,105
3554.0,0,105
3555.0,0,105
3556.0,0,105
3557.0,0,105
3558.0,0,105
3559.0,0,105
3560.0,0,105
3561.0,0,105
3562.0,0,105
3563.0,0,105
3564.0,0,105
3565.0,0,105
3566.0,0,105
3567.0,0,105
3568.0,0,105
3569.0,0,105
3570.0,0,105
3571.0,0,105
3572.0,0,105
3573.0,0,105
3574.0,0,105
3575.0,0,105
3576.0,0,105
3577.0,0,105
3578.0,0,105
3579.0,0,105
3580.0,0,105
3581.0,0,105
3582.0,0,105
3583.0,0,105
3584.0,0,105
3585.0,0,105
3586.0,0,105
3587.0,0,105
3588.0,0,105
3589.0,0,105
3590.0,0,105
3591.0,0,105
3592.0,0,105
3593.0,0,105
3594.0,0,105
3595.0,0,105
3596.0,0,105
3597.0,0,105
3598.0,0,105
3599.0,0,105
3600.0,0,105
3601.0,0,105
3602.0,0,105
3603.0,0,105
3604.0,0,105
3605.0,0,105
3606.0,0,105
3607.0,0,105
3608.0,0,105
3609.0,0,105
3610.0,0,105
3611.0,0,105
3612.0,0,105
3613.0,0,105
3614.0,0,105
3615.0,0,105
3616.0,0,105
3617.0,0,105
3618.0,0,105
3619.0,0,105
3620.0,0,105
3621.0,0,105
3622.0,0,105
3623.0,0,105
3624.0,0,105
3625.0,0,105
3626.0,0,105
3627.0,0,105
3628.0,0,105
3629.0,0,105
3630.0,0,105
3631.0,0,105
3632.0,0,105
3633.0,0,105
3634.0,0,105
3635.0,0,105
3636.0,0,105
3637.0,0,105
3638.0,0,105
3639.0,0,105
3640.0,0,105
3641.0,0,105
3642.0,0,105
3643.0,0,105
3644.0,0,105
3645.0,0,105
3646.0,0,105
3647.0,0,105
3648.0,0,105
3649.0,0,105
3650.0,0,105
3651.0,0,105
3652.0,0,105
3653.0,0,105
3654.0,0,105
3655.0,0,105
3656.0,0,105
3657.0,0,105
3658.0,0,105
3659.0,0,105
3660.0,0,105
3661.0,0,105
3662.0,0,105
3663.0,0,105
3664.0,0,105
3665.0,0,105
3666.0,0,105
3667.0,0,105
3668.0,0,105
3669.0,0,105
3670.0,0,105
3671.0,0,105
3672.0,0,105
3673.0,0,105
3674.0,0,105
3675.0,0,105
3676.0,0,105
3677.0,0,105
3678.0,0,105
3679.0,0,105
3680.0,0,105
3681.0,0,105
3682.0,0,105
3683.0,0,105
3684.0,0,105
3685.0,0,105
3686.0,0,105
3687.0,0,105
3688.0,0,105
3689.0,0,105
3690.0,0,105
3691.0,0,105
3692.0,0,105
3693.0,0,105
3694.0,0,105
3695.0,0,105
3696.0,0,105
3697.0,0,105
3698.0,0,105
3699.0,0,105
3700.0,0,105
3701.0,0,105
3702.0,0,105
3703.0,0,105
3704.0,0,105
3705.0,0,105
3706.0,0,105
3707.0,0,105
3708.0,0,105
3709.0,0,105
3710.0,0,105
3711.0,0,105
3712.0,0,105
3713.0,0,105
3714.0,0,105
3715.0,0,105
3716.0,0,105
3717.0,0,105
3718.0,0,105
3719.0,0,105
3720.0,0,105
3721.0,0,105
3722.0,0,105
3723.0,0,105
3724.0,0,105
3725.0,0,105
3726.0,0,105
3727.0,0,105
3728.0,0,105
3729.0,0,105
3730.0,0,105
3731.0,0,105
3732.0,0,105
3733.0,0,105
3734.0,0,105
3735.0,0,105
3736.0,0,105
3737.0,0,105
3738.0,0,105
3739.0,0,105
3740.0,0,105
3741.0,0,105
3742.0,0,105
3743.0,0,105
3744.0,0,105
3745.0,0,105
3746.0,0,105
3747.0,0,105
3748.0,0,105
3749.0,0,105
3750.0,0,105
3751.0,0,105
3752.0,0,105
3753.0,0,105
3754.0,0,105
3755.0,0,105
3756.0,0,105
3757.0,0,105
3758.0,0,105
3759.0,0,105
3760.0,0,105
3761.0,0,105
3762.0,0,105
3763.0,0,105
3764.0,0,105
3765.0,0,105
3766.0,0,105
3767.0,0,105
3768.0,0,105
3769.0,0,105
3770.0,0,105
3771.0,0,105
3772.0,0,105
3773.0,0,105
3774.0,0,105
3775.0,0,105
3776.0,0,105
3777.0,0,105
3778.0,0,105
3779.0,0,105
3780.0,0,105
3781.0,0,105
3782.0,0,105
3783.0,0,105
3784.0,0,105
3785.0,0,105
3786.0,0,105
3787.0,0,105
3788.0,0,105
3789.0,0,105
3790.0,0,105
3791.0,0,105
3792.0,0,105
3793.0,0,105
3794.0,0,105
3795.0,0,105
3796.0,0,105
3797.0,0,105
3798.0,0,105
3799.0,0,105
3800.0,0,105
3801.0,0,105
3802.0,0,105
3803.0,0,105
3804.0,0,105
3805.0,0,105
3806.0,0,105
3807.0,0,105
3808.0,0,105
3809.0,0,105
3810.0,0,105
3811.0,0,105
3812.0,0,105
3813.0,0,105
3814.0,0,105
3815.0,0,105
3816.0,0,105
3817.0,0,105
3818.0,0,105
3819.0,0,105
3820.0,0,105
3821.0,0,105
3822.0,0,105
3823.0,0,105
3824.0,0,105
3825.0,0,105
3826.0,0,105
3827.0,0,105
3828.0,0,105
3829.0,0,105
3830.0,0,105
3831.0,0,105
3832.0,0,105
3833.0,0,105
3834.0,0,105
3835.0,0,105
3836.0,0,105
3837.0,0,105
3838.0,0,105
3839.0,0,105
3840.0,0,105
3841.0,0,105
3842.0,0,105
3843.0,0,105
3844.0,0,105
3845.0,0,105
3846.0,0,105
3847.0,0,105
3848.0,0,105
3849.0,0,105
3850.0,0,105
3851.0,0,105
3852.0,0,105
3853.0,0,105
3854.0,0,105
3855.0,0,105
3856.0,0,105
3857.0,0,105
3858.0,0,105
3859.0,0,105
3860.0,0,105
3861.0,0,105
3862.0,0,105
3863.0,0,105
3864.0,0,105
3865.0,0,105
3866.0,0,105
3867.0,0,105
3868.0,0,105
3869.0,0,105
3870.0,0,105
3871.0,0,105
3872.0,0,105
3873.0,0,105
3874.0,0,105
3875.0,0,105
3876.0,0,105
3877.0,0,105
3878.0,0,105
3879.0,0,105
3880.0,0,105
3881.0,0,105
3882.0,0,105
3883.0,0,105
3884.0,0,105
3885.0,0,105
3886.0,0,105
3887.0,0,105
3888.0,0,105
3889.0,0,105
3890.0,0,105
3891.0,0,105
3892.0,0,105
3893.0,0,105
3894.0,0,105
3895.0,0,105
3896.0,0,105
3897.0,0,105
3898.0,0,105
3899.0,0,105
3900.0,0,105
3901.0,0,105
3902.0,0,105
3903.0,0,105
3904.0,0,105
3905.0,0,105
3906.0,0,105
3907.0,0,105
3908.0,0,105
3909.0,0,105
3910.0,0,105
3911.0,0,105
3912.0,0,105
3913.0,0,105
3914.0,0,105
3915.0,0,105
3916.0,0,105
3917.0,0,105
3918.0,0,105
3919.0,0,105
3920.0,0,105
3921.0,0,105
3922.0,0,105
3923.0,0,105
3924.0,0,105
3925.0,0,105
3926.0,0,105
3927.0,0,105
3928.0,0,105
3929.0,0,105
3930.0,0,105
3931.0,0,105
3932.0,0,105
3933.0,0,105
3934.0,0,105
3935.0,0,105
3936.0,0,105
3937.0,0,105
3938.0,0,105
3939.0,0,105
3940.0,0,105
3941.0,0,105
3942.0,0,105
3943.0,0,105
3944.0,0,105
3945.0,0,105
3946.0,0,105
3947.0,0,105
3948.0,0,105
3949.0,0,105
3950.0,0,105
